title = "example"
page_width = 595.27566
page_height = 841.889862
top_margin = 85.03938
left_margin = 85.03938
text_width = 425.1969
text_height = 671.811102
input = "main.txt"
